ticker,yearReport,lengthReport,Profits from other activities,Operating profit before changes in working capital,Net Cash Flows from Operating Activities before BIT,Payment from reserves,Purchase of fixed assets,Gain on Dividend,Net Cash Flows from Investing Activities,Increase in charter captial,Cash flows from financial activities,Net increase/decrease in cash and cash equivalents,Cash and cash equivalents,Foreign exchange differences Adjustment,Cash and Cash Equivalents at the end of period,Net cash inflows/outflows from operating activities,Proceeds from disposal of fixed assets,Investment in other entities,Proceeds from divestment in other entities,Dividends paid,data_source,period_type
VCB,2025,2,-57261000000,9933187000000,38500239000000,-582937000000,-194907000000,12103000000,-179204000000,0,0,37738098000000,417258692000000,0,454996790000000,37917302000000,3754000000,0,0,0,VCI,quarterly
VCB,2025,1,-98301000000,3115299000000,-12003988000000,-1176607000000,-186147000000,9703000000,-174898000000,0,0,-13355493000000,430614185000000,0,417258692000000,-13180595000000,1678000000,0,0,0,VCI,quarterly
VCB,2024,4,-343813000000,10425121000000,117759748000000,-646942000000,-531176000000,24710000000,-501783000000,0,-19963000000,116591060000000,314023125000000,0,430614185000000,117112806000000,5492000000,0,0,-19963000000,VCI,quarterly
VCB,2024,3,-200194000000,9114456000000,-14569759000000,-646859000000,-457907000000,10299000000,-444866000000,0,0,-15661484000000,329684609000000,0,314023125000000,-15216618000000,3030000000,0,0,0,VCI,quarterly
VCB,2024,2,-644026000000,10302421000000,20739737000000,-338608000000,-358137000000,125022000000,-230230000000,0,0,20170899000000,309513710000000,0,329684609000000,20401129000000,2282000000,0,747000000,0,VCI,quarterly
VCB,2024,1,-202525000000,341880000000,-61930169000000,-1244317000000,-132901000000,678000000,-130534000000,0,0,-63305020000000,372818730000000,0,309513710000000,-63174486000000,1700000000,0,0,0,VCI,quarterly
VCB,2023,4,-345755000000,7123781000000,9212451000000,-401036000000,-621249000000,-6064000000,-630093000000,0,-15627000000,8165695000000,363661434000000,0,371827129000000,8811415000000,3458000000,0,0,-15627000000,VCI,quarterly
VCB,2023,3,-26705000000,14093284000000,39263273000000,-1159787000000,-107205000000,115942000000,11042000000,0,0,38114528000000,325546906000000,0,363661434000000,38103486000000,2487000000,0,0,0,VCI,quarterly
VCB,2023,2,-132508000000,14515179000000,-133890474000000,-143877000000,-205830000000,13746000000,-190988000000,0,0,-134225339000000,459772245000000,0,325546906000000,-134034351000000,1419000000,0,0,0,VCI,quarterly
VCB,2023,1,684356000000,9438386000000,48679302000000,-1092983000000,-73876000000,22464000000,-49368000000,0,0,47536951000000,412235294000000,0,459772245000000,47586319000000,2071000000,0,0,0,VCI,quarterly
VCB,2022,4,-139817000000,9159766000000,122957794000000,-479184000000,-640541000000,2676000000,-633936000000,0,-18798000000,121825876000000,290363772000000,0,412189648000000,122478610000000,5462000000,0,1000000,-18798000000,VCI,quarterly
VCB,2022,3,-86019000000,12553919000000,11317452000000,-701131000000,-3123000000,89800000000,290773000000,0,0,10907094000000,279456678000000,0,290363772000000,10616321000000,4575000000,0,200034000000,0,VCI,quarterly
VCB,2022,2,-63413000000,12303964000000,67950852000000,-288959000000,-45514000000,12382000000,-31080000000,0,0,67630813000000,211825865000000,0,279456678000000,67661893000000,2768000000,0,0,0,VCI,quarterly
VCB,2022,1,-62483000000,9697992000000,-16312101000000,-1069379000000,-22389000000,2196000000,-17426000000,0,-3329224000000,-20728130000000,232553995000000,0,211825865000000,-17381480000000,2948000000,0,1864000000,-3329224000000,VCI,quarterly
VCB,2021,4,-127960000000,8035541000000,-10925973000000,-623700000000,-1107915000000,66374000000,-1024288000000,0,-1138679000000,-13712640000000,248038773000000,0,234326133000000,-11549673000000,3736000000,0,13791000000,-1138679000000,VCI,quarterly
VCB,2021,3,-177216000000,7964389000000,35653804000000,-611986000000,-156512000000,17412000000,-221326000000,0,0,34820492000000,213218281000000,0,248038773000000,35041818000000,1653000000,-83502000000,0,0,VCI,quarterly
VCB,2021,2,-120801000000,10419771000000,-19869154000000,-1553663000000,-293503000000,1780000000,-290395000000,0,0,-21713212000000,234931493000000,0,213218281000000,-21422817000000,1663000000,0,0,0,VCI,quarterly
VCB,2021,1,-100199000000,5969277000000,-55840207000000,-1009299000000,-63503000000,8278000000,-54084000000,0,-747619000000,-57651209000000,292582702000000,0,234931493000000,-56849506000000,1356000000,0,0,-747619000000,VCI,quarterly
VCB,2020,4,-819357000000,8917705000000,108637780000000,-413896000000,-1980809000000,16990000000,-1870550000000,0,-2238496000000,104114838000000,189839513000000,0,293954351000000,108223884000000,6063000000,0,89696000000,-2238496000000,VCI,quarterly
VCB,2020,3,66727000000,5180211000000,-19683718000000,-413341000000,-586045000000,2066000000,-582785000000,0,0,-20679844000000,210519357000000,0,189839513000000,-20097059000000,1380000000,0,1000000,0,VCI,quarterly
VCB,2020,2,43816000000,8115621000000,24563932000000,-203580000000,-390239000000,2595000000,129537000000,0,-747619000000,23742270000000,186777087000000,0,210519357000000,24360352000000,1922000000,0,515577000000,-747619000000,VCI,quarterly
VCB,2020,1,80163000000,7294900000000,-84621477000000,-838703000000,-44809000000,10732000000,-33268000000,0,0,-85493448000000,272270535000000,0,186777087000000,-85460180000000,867000000,0,0,0,VCI,quarterly
VCB,2019,4,-67772000000,3062937000000,33300303000000,-309272000000,-647290000000,80873000000,-562218000000,0,0,32428813000000,239623378000000,0,272052191000000,32991031000000,4850000000,0,701000000,0,VCI,quarterly
VCB,2019,3,-39765000000,7362940000000,30603237000000,-301010000000,-64512000000,15384000000,-47010000000,0,0,30255217000000,209368161000000,0,239623378000000,30302227000000,2494000000,0,0,0,VCI,quarterly
VCB,2019,2,-26672000000,7474285000000,14624363000000,-238014000000,-252223000000,91523000000,-67528000000,-11000000,-11000000,14318810000000,195049351000000,0,209368161000000,14386349000000,1943000000,0,95773000000,0,VCI,quarterly
VCB,2019,1,20090000000,7205949000000,-54483095000000,-575035000000,-24395000000,9857000000,-13163000000,6106488000000,6106488000000,-48964805000000,244014156000000,0,195049351000000,-55058130000000,1418000000,0,0,0,VCI,quarterly
VCB,2018,4,-60891000000,5687547000000,66849004000000,-363544000000,-595597000000,-41661000000,1203791000000,0,-2914981000000,64774270000000,175811866000000,0,240586136000000,66485460000000,3001000000,0,1839545000000,-2914981000000,VCI,quarterly
VCB,2018,3,-2899000000,5675012000000,1535917000000,-313662000000,-336125000000,24569000000,-219639000000,0,0,1002616000000,174809250000000,0,175811866000000,1222255000000,1936000000,0,90056000000,0,VCI,quarterly
VCB,2018,2,5303000000,4859857000000,-88485328000000,-191484000000,-105050000000,16603000000,192916000000,0,0,-88483896000000,263293146000000,0,174809250000000,-88676812000000,942000000,280526000000,0,0,VCI,quarterly
VCB,2018,1,15763000000,5327859000000,-42152701000000,-496483000000,-97602000000,87132000000,408083000000,0,0,-42241101000000,305534247000000,0,263293146000000,-42649184000000,670000000,417912000000,0,0,VCI,quarterly
VCB,2017,4,-22565000000,4371206000000,68603472000000,-245158000000,-817207000000,61241000000,-488588000000,0,-2878215000000,64991511000000,193270920000000,0,258262431000000,68358314000000,2599000000,265688000000,0,-2878215000000,VCI,quarterly
VCB,2017,3,-56500000000,3907799000000,26101114000000,-464672000000,-95118000000,23499000000,-70245000000,0,0,25566197000000,167704723000000,0,193270920000000,25636442000000,2778000000,0,0,0,VCI,quarterly
VCB,2017,2,2638000000,5683756000000,41014917000000,51122000000,-152467000000,88640000000,-146311000000,0,0,40919728000000,149109038000000,-22324043000000,167704723000000,41066039000000,1811000000,0,-84212000000,0,VCI,quarterly
VCB,2017,1,-14285000000,4343584000000,-30305665000000,-483677000000,-75184000000,0,9382000000,0,0,-30779960000000,179888998000000,0,149109038000000,-30789342000000,354000000,0,84212000000,0,VCI,quarterly
VCB,2016,4,-82792000000,5260506000000,25122814000000,-207250000000,-777674000000,0,-767529000000,0,0,24148035000000,152818631000000,0,176966666000000,24915564000000,2874000000,-12540000000,20906000000,0,VCI,quarterly
VCB,2016,3,-21040000000,1808086000000,24686275000000,-302178000000,-335467000000,-5674000000,-309677000000,0,-2665020000000,21409400000000,131409231000000,0,152818631000000,24384097000000,3003000000,12540000000,16183000000,-2665020000000,VCI,quarterly
VCB,2016,2,-70798000000,4611994000000,6395796000000,-302580000000,-109735000000,-6866000000,-117823000000,0,0,5975393000000,125433838000000,0,131409231000000,6093216000000,785000000,0,-853000000,0,VCI,quarterly
VCB,2016,1,-13020000000,3174781000000,-38562918000000,-387766000000,-49370000000,19663000000,-28331000000,0,0,-38979015000000,164412853000000,0,125433838000000,-38950684000000,544000000,0,853000000,0,VCI,quarterly
VCB,2015,4,75928000000,3537618000000,9060004000000,9136000000,-898653000000,6603000000,-907918000000,0,0,8161222000000,152364312000000,0,160525534000000,9069140000000,2789000000,0,-17501000000,0,VCI,quarterly
VCB,2015,3,-39268000000,2654593000000,22957956000000,-130201000000,-103929000000,61623000000,-132823000000,0,-2665020000000,20029912000000,132334400000000,0,152364312000000,22827755000000,1101000000,-108464000000,17501000000,-2665020000000,VCI,quarterly
VCB,2015,2,26946000000,3081378000000,-921877000000,-237819000000,-141476000000,14210000000,-126464000000,0,0,-1286160000000,133620560000000,0,132334400000000,-1159696000000,988000000,0,12100000000,0,VCI,quarterly
VCB,2015,1,4238000000,2214047000000,-41223847000000,-138842000000,-49979000000,7819000000,-29747000000,0,0,-41392436000000,175012996000000,0,133620560000000,-41362689000000,375000000,0,0,0,VCI,quarterly
VCB,2014,4,7659000000,2230740000000,7643566000000,-91477000000,-748965000000,76026000000,-1160745000000,0,-47000000,6391297000000,163499042000000,0,169890339000000,7552089000000,3625000000,-499602000000,9565000000,0,VCI,quarterly
VCB,2014,3,-3162000000,2963501000000,14311132000000,-84887000000,-138769000000,12294000000,-127002000000,0,-2780901000000,11318342000000,152180700000000,0,163499042000000,14226245000000,-464000000,0,0,-2780901000000,VCI,quarterly
VCB,2014,2,348660000000,3139649000000,42790240000000,-318484000000,-91870000000,61995000000,-28695000000,0,0,42443061000000,109737639000000,0,152180700000000,42471756000000,1218000000,0,0,0,VCI,quarterly
VCB,2014,1,13058000000,1678174000000,-27369127000000,-27397000000,-7568000000,1465000000,-5799000000,0,0,-27402323000000,137139962000000,0,109737639000000,-27396524000000,1320000000,0,0,0,VCI,quarterly
VCB,2013,4,291192000000,3890160000000,16391711000000,-65447000000,-892196000000,41065000000,-563108000000,0,0,15763156000000,118049438000000,0,133812594000000,16326264000000,-981000000,-68905000000,357909000000,0,VCI,quarterly
VCB,2013,3,-67967000000,2738964000000,-22659634000000,-122497000000,-140464000000,67255000000,-72832000000,0,0,-22854963000000,140904401000000,0,118049438000000,-22782131000000,418000000,-53950000000,5000000000,0,VCI,quarterly
VCB,2013,2,45369000000,2825071000000,23602132000000,-149032000000,-85708000000,93025000000,7842000000,0,-1000000,23460941000000,117443460000000,0,140904401000000,23453100000000,774000000,0,0,-1000000,VCI,quarterly
VCB,2013,1,-15194000000,2448398000000,-482789000000,-27864000000,-11176000000,82051000000,27166000000,0,-2780900000000,-3264387000000,120707847000000,0,117443460000000,-510653000000,266000000,5000000000,0,-2780900000000,VCI,quarterly
